1
2
3
4
5
6
7
8
9
4
10
5
11
3
12
12
5
13
9
7
14
3
15
10
5
16
5
11
10
10
17
5
12
7
18
19
5
3
18
1
9
7
15
8
6
1
3
7
18
5
1
7
5
18
7
18
12
3
18
10
16
9
5
15
20
18
16
21
3
6
16
12
5
1
3
21
10
5
4
10
9
3
10
4
5
16
18
16
12
20
4
10
4
5
5
3
1
5
11
3
12
12
5
22
10
16
1
8
9
10
5
23
7
1
2
5
12
10
6
1
8
9
10
4
5
7
18
5
6
7
18
6
10
13
1
8
16
12
5
6
7
18
6
10
9
18
4
5
16
18
15
5
2
16
18
15
4
5
7
18
5
7
13
13
7
9
1
8
18
3
1
3
10
4
5
22
7
9
5
13
9
16
6
1
3
6
16
12
5
10
24
13
10
9
3
10
18
6
10
5
5
16
1
1
10
18
15
10
10
4
5
4
2
7
8
12
15
5
12
10
16
14
10
5
11
3
1
2
5
16
18
5
16
13
13
9
10
6
3
16
1
3
7
18
5
7
22
5
23
16
4
3
6
5
6
7
18
6
10
9
18
4
5
16
18
15
5
16
13
13
12
3
6
16
1
3
7
18
4
5
7
22
5
15
16
1
16
5
9
3
6
2
5
21
10
1
2
7
15
4
5