1
2
3
4
5
2
6
5
7
3
8
4
4
9
10
11
11
12
13
4
9
10
11
11
12
13
4
14
15
16
3
13
1
6
5
12
13
4
4
6
13
4
10
4
1
17
18
3
4
15
19
4
14
15
16
3
13
1
6
5
10
1
3
14
4
19
15
20
11
4
4
10
4
13
12
21
13
18
3
5
6
3
13
4
15
19
4
1
2
3
4
22
3
14
4
23
12
8
9
11
3
19
15
20
11
4
4
9
10
11
11
12
13
4
9
10
11
11
12
13
4
4
4
6
1
4
6
13
4
15
8
3
4
15
19
4
1
2
3
4
16
15
13
1
4
5
15
16
16
15
8
4
10
8
14
4
20
6
14
3
13
18
22
3
10
14
4
14
15
16
3
13
1
6
5
4
10
8
6
16
10
11
13
4
4
20
6
1
2
4
10
4
1
15
1
10
11
4
18
15
18
12
11
10
1
6
15
8
4
15
19
4
16
15
22
3
4
1
2
10
8
4
24
25
4
21
6
11
11
6
15
8
4
10
13
4
15
19
4
26
27
24
24
4
4
1
2
3
22
3
4
10
22
3
4
16
15
22
3
4
5
2
6
5
7
3
8
13
4
6
8
4
1
2
3
4
20
15
22
11
14
4
1
2
10
8
4
10
8
17
4
15
1
2
3
22
4
21
6
22
14
4
15
22
4
14
15
16
3
13
1
6
5
10
1
3
14
4
19
15
20
11
4
4
2
12
16
10
8
13
4
7
3
3
18
4
5
2
6
5
7
3
8
13
4
18
22
6
16
10
22
6
11
17
4
10
13
4
10
4
13
15
12
22
5
3
4
15
19
4
19
15
15
14
4
4
5
15
8
13
12
16
6
8
9
4
21
15
1
2
4
1
2
3
6
22
4
16
3
10
1
4
10
8
14
4
3
9
9
13
4
4
10
8
14
4
4
11
3
13
13
4
5
15
16
16
15
8
11
17
4
4
10
13
4
18
3
1
13
4
4
4