1
2
3
4
5
6
7
8
9
4
5
7
5
10
11
12
2
13
12
10
5
14
15
5
16
9
7
16
17
12
6
3
5
5
4
9
12
11
12
5
18
12
11
12
5
16
9
7
16
17
12
6
3
5
12
19
12
11
20
18
9
12
11
12
5
5
4
9
12
20
5
18
12
11
12
5
3
4
2
6
10
7
6
8
5
14
6
5
13
20
5
3
4
14
13
2
16
9
5
5
4
9
12
20
5
18
12
11
12
5
6
12
3
4
7
6
8
5
7
6
5
13
20
5
9
2
7
11
5
5
4
9
12
20
5
18
12
11
12
5
21
12
16
17
7
6
8
5
2
4
5
13
20
5
21
7
1
1
14
18
5
5
4
9
12
20
5
18
12
11
12
5
9
14
21
21
7
6
8
5
14
6
5
13
20
5
9
12
2
10
5
5
4
9
12
20
5
18
12
11
12
5
11
22
15
15
1
7
6
8
5
22
21
5
4
9
12
7
11
5
15
12
2
4
9
12
11
3
5
2
3
5
4
9
12
20
5
11
2
16
12
10
5
2
23
14
22
4
5
13
20
5
23
12
10
5
5