687.00
687.00
687.00
687.00
687.00
687.00
687.00
687.00
687.00
687.00
687.00
687.00
687.00
687.00
687.00
687.00
687.00
687.00
687.00
687.00
687.00
687.00
687.00
687.00
685.00
684.00
682.00
680.00
679.00
677.00
676.00
673.00
672.00
672.00
670.00
668.00
664.00
660.00
659.00
653.00
652.00
650.00
646.00
645.00
642.00
639.00
637.00
635.00
632.00
629.00
626.00
623.00
618.00
615.00
615.00
612.00
611.00
609.00
608.00
608.00
605.00
604.00
600.00
598.00
595.00
592.00
590.00
586.00
585.00
582.00
577.00
570.00
568.00
565.00
559.00
555.00
553.00
552.00
550.00
548.00
546.00
545.00
544.00
542.00
541.00
538.00
536.00
534.00
532.00
529.00
523.00
519.00
514.00
510.00
505.00
503.00
499.00
497.00
491.00
485.00
481.00
467.00
464.00
450.00
447.00
436.00
420.00
414.00
402.00
399.00
394.00
391.00
385.00
383.00
380.00
379.00
376.00
374.00
373.00
371.00
371.00
369.00
369.00
368.00
366.00
365.00
361.00
359.00
354.00
348.00
343.00
337.00
336.00
335.00
334.00
328.00
326.00
319.00
316.00
312.00
311.00
311.00
309.00
309.00
309.00
308.00
308.00
308.00
308.00
308.00
308.00
308.00
308.00
309.00
310.00
313.00
315.00
316.00
318.00
319.00
326.00
329.00
343.00
346.00
355.00
367.00
373.00
382.00
385.00
388.00
392.00
399.00
403.00
422.00
435.00
446.00
459.00
465.00
484.00
489.00
502.00
507.00
509.00
517.00
521.00
532.00
535.00
540.00
547.00
553.00
562.00
565.00
568.00
572.00
576.00
576.00
579.00
581.00
585.00
588.00
590.00
597.00
600.00
607.00
611.00
616.00
624.00
624.00
629.00
631.00
632.00
634.00
636.00
636.00
639.00
641.00
643.00
644.00
646.00
648.00
649.00
653.00
655.00
660.00
666.00
667.00
673.00
675.00
678.00
679.00
681.00
682.00
683.00
684.00
685.00
685.00
687.00
688.00
689.00
691.00
692.00
693.00
695.00
696.00
697.00
699.00
702.00
703.00
704.00
705.00
706.00
706.00
706.00
706.00
707.00
708.00
709.00
710.00
710.00
710.00
712.00
712.00
713.00
713.00
713.00
715.00
715.00
716.00
716.00
716.00
716.00
716.00
716.00
716.00
716.00
716.00
716.00
716.00
716.00
716.00
716.00
716.00
715.00
715.00
714.00
712.00
711.00
708.00
706.00
704.00
703.00
702.00
702.00
701.00
699.00
699.00
699.00
698.00
697.00
696.00
696.00
693.00
692.00
691.00
690.00
690.00
689.00
689.00
687.00
686.00
684.00
681.00
679.00
678.00
675.00
674.00
671.00
670.00
669.00
666.00
665.00
663.00
663.00
661.00
660.00
660.00
657.00
657.00
657.00
656.00
655.00
653.00
653.00
651.00
648.00
646.00
646.00
641.00
639.00
634.00
631.00
628.00
624.00
624.00
621.00
621.00
617.00
615.00
613.00
608.00
605.00
603.00
599.00
597.00
596.00
593.00
593.00
592.00
592.00
592.00
591.00
590.00
590.00
590.00
589.00
589.00
588.00
587.00
586.00
584.00
582.00
580.00
580.00
576.00
573.00
570.00
564.00
562.00
559.00
559.00
557.00
557.00
557.00
554.00
554.00
552.00
551.00
551.00
551.00
550.00
548.00
548.00
546.00
545.00
543.00
542.00
539.00
537.00
530.00
528.00
526.00
521.00
519.00
513.00
511.00
505.00
498.00
497.00
493.00
492.00
490.00
488.00
487.00
485.00
482.00
481.00
479.00
475.00
474.00
469.00
467.00
463.00
461.00
453.00
442.00
438.00
431.00
429.00
427.00
427.00
426.00
423.00
423.00
421.00
420.00
419.00
419.00
417.00
416.00
413.00
411.00
411.00
407.00
406.00
401.00
399.00
397.00
393.00
391.00
389.00
389.00
388.00
387.00
387.00
387.00
384.00
381.00
380.00
379.00
378.00
373.00
372.00
370.00
370.00
369.00
368.00
368.00
365.00
364.00
362.00
361.00
360.00
359.00
359.00
358.00
357.00
355.00
354.00
351.00
351.00
349.00
349.00
349.00
348.00
347.00
346.00
346.00
345.00
345.00
345.00
342.00
342.00
341.00
340.00
339.00
338.00
337.00
335.00
334.00
331.00
329.00
326.00
326.00
324.00
324.00
323.00
321.00
321.00
320.00
320.00
320.00
320.00
320.00
319.00
319.00
319.00
319.00
318.00
318.00
318.00
318.00
317.00
317.00
317.00
316.00
316.00
314.00
314.00
313.00
313.00
313.00
312.00
312.00
312.00
312.00
312.00
312.00
312.00
312.00
312.00
312.00
312.00
312.00
312.00
312.00
313.00
314.00
314.00
314.00
315.00
317.00
318.00
319.00
320.00
320.00
324.00
326.00
328.00
330.00
330.00
331.00
332.00
334.00
335.00
337.00
340.00
341.00
343.00
344.00
345.00
346.00
348.00
348.00
350.00
351.00
352.00
353.00
355.00
359.00
361.00
362.00
364.00
364.00
365.00
368.00
371.00
371.00
374.00
375.00
378.00
381.00
382.00
384.00
385.00
387.00
389.00
394.00
396.00
398.00
400.00
401.00
405.00
406.00
409.00
411.00
413.00
419.00
421.00
425.00
425.00
429.00
433.00
437.00
439.00
445.00
450.00
454.00
458.00
459.00
466.00
467.00
475.00
478.00
482.00
488.00
489.00
495.00
496.00
499.00
501.00
503.00
509.00
511.00
515.00
519.00
523.00
524.00
530.00
531.00
534.00
537.00
539.00
543.00
544.00
548.00
549.00
551.00
554.00
555.00
558.00
560.00
562.00
565.00
567.00
569.00
573.00
576.00
581.00
585.00
587.00
592.00
595.00
602.00
604.00
608.00
616.00
618.00
624.00
626.00
628.00
630.00
633.00
637.00
637.00
639.00
639.00
640.00
642.00
644.00
647.00
651.00
652.00
654.00
655.00
656.00
659.00
661.00
662.00
664.00
666.00
667.00
667.00
667.00
669.00
670.00
671.00
673.00
676.00
677.00
678.00
678.00
679.00
679.00
680.00
680.00
680.00
681.00
681.00
682.00
682.00
682.00
683.00
684.00
684.00
685.00
686.00
688.00
689.00
691.00
694.00
695.00
698.00
699.00
700.00
702.00
702.00
704.00
705.00
705.00
706.00
708.00
709.00
709.00
710.00
712.00
712.00
713.00
714.00
714.00
714.00
714.00
715.00
715.00
716.00
716.00
716.00
716.00
717.00
717.00
719.00
719.00
719.00
719.00
719.00
719.00
719.00
719.00
719.00
719.00
719.00
719.00
719.00
719.00
719.00
718.00
715.00
715.00
715.00
715.00
714.00
714.00
713.00
712.00
712.00
711.00
711.00
711.00
710.00
708.00
708.00
707.00
706.00
705.00
704.00
704.00
703.00
703.00
702.00
700.00
700.00
698.00
697.00
697.00
696.00
693.00
691.00
687.00
686.00
683.00
681.00
680.00
678.00
677.00
675.00
674.00
673.00
671.00
671.00
669.00
668.00
667.00
664.00
662.00
661.00
658.00
657.00
655.00
653.00
652.00
650.00
649.00
648.00
646.00
645.00
643.00
642.00
640.00
640.00
638.00
637.00
634.00
631.00
630.00
628.00
626.00
623.00
623.00
620.00
619.00
615.00
613.00
611.00
609.00
607.00
603.00
602.00
600.00
596.00
596.00
593.00
592.00
591.00
589.00
588.00
586.00
584.00
583.00
581.00
580.00
578.00
575.00
575.00
572.00
571.00
569.00
566.00
566.00
564.00
563.00
562.00
560.00
559.00
556.00
556.00
555.00
553.00
551.00
549.00
546.00
546.00
541.00
539.00
537.00
533.00
531.00
527.00
526.00
522.00
519.00
516.00
512.00
511.00
510.00
509.00
509.00
509.00
507.00
507.00
506.00
505.00
504.00
503.00
503.00
501.00
500.00
498.00
492.00
490.00
483.00
481.00
479.00
477.00
475.00
474.00
471.00
468.00
464.00
462.00
461.00
459.00
459.00
456.00
454.00
452.00
446.00
443.00
437.00
436.00
435.00
435.00
434.00
431.00
431.00
428.00
426.00
425.00
423.00
422.00
422.00
420.00
416.00
414.00
408.00
407.00
399.00
396.00
390.00
386.00
383.00
381.00
381.00
379.00
378.00
376.00
375.00
373.00
372.00
371.00
371.00
371.00
370.00
370.00
367.00
367.00
366.00
366.00
365.00
363.00
362.00
362.00
362.00
362.00
361.00
360.00
360.00
359.00
358.00
358.00
356.00
355.00
352.00
350.00
349.00
346.00
345.00
341.00
339.00
338.00
338.00
337.00
336.00
336.00
336.00
336.00
334.00
334.00
334.00
334.00
334.00
334.00
334.00
334.00
333.00
333.00
333.00
331.00
331.00
330.00
328.00
327.00
327.00
326.00
326.00
326.00
324.00
323.00
321.00
321.00
321.00
320.00
320.00
320.00
320.00
320.00
320.00
320.00
320.00
318.00
317.00
317.00
316.00
316.00
316.00
315.00
314.00
313.00
313.00
313.00
313.00
312.00
312.00
312.00
312.00
312.00
312.00
312.00
312.00
312.00
312.00
312.00
312.00
312.00
314.00
315.00
316.00
318.00
319.00
319.00
322.00
323.00
327.00
329.00
334.00
337.00
343.00
350.00
353.00
355.00
356.00
356.00
358.00
360.00
363.00
364.00
367.00
368.00
371.00
373.00
377.00
377.00
380.00
381.00
382.00
388.00
389.00
395.00
397.00
401.00
405.00
412.00
424.00
430.00
436.00
439.00
442.00
444.00
449.00
452.00
456.00
460.00
463.00
471.00
474.00
479.00
481.00
485.00
490.00
493.00
499.00
500.00
504.00
509.00
514.00
517.00
522.00
526.00
528.00
531.00
532.00
538.00
541.00
548.00
553.00
556.00
562.00
565.00
572.00
575.00
580.00
585.00
588.00
594.00
597.00
603.00
610.00
617.00
622.00
632.00
635.00
644.00
647.00
649.00
654.00
656.00
659.00
660.00
661.00
665.00
665.00
669.00
671.00
672.00
674.00
675.00
676.00
676.00
677.00
678.00
680.00
682.00
683.00
683.00
685.00
685.00
685.00
688.00
690.00
693.00
693.00
694.00
697.00
699.00
701.00
701.00
702.00
703.00
703.00
703.00
704.00
705.00
705.00
705.00
707.00
708.00
708.00
709.00
709.00
709.00
711.00
712.00
713.00
713.00
713.00
713.00
714.00
714.00
714.00
714.00
714.00
714.00
714.00
714.00
714.00
714.00
714.00
714.00
714.00
713.00
712.00
711.00
710.00
709.00
708.00
707.00
706.00
705.00
704.00
704.00
703.00
698.00
695.00
694.00
692.00
692.00
692.00
692.00
691.00
691.00
689.00
688.00
687.00
683.00
682.00
679.00
673.00
671.00
669.00
665.00
665.00
661.00
658.00
656.00
650.00
647.00
640.00
639.00
634.00
627.00
626.00
621.00
620.00
618.00
616.00
612.00
612.00
609.00
607.00
604.00
601.00
599.00
592.00
589.00
582.00
580.00
575.00
566.00
563.00
555.00
552.00
548.00
546.00
543.00
540.00
538.00
537.00
534.00
532.00
531.00
527.00
527.00
521.00
519.00
518.00
515.00
514.00
512.00
511.00
509.00
505.00
501.00
493.00
490.00
485.00
480.00
477.00
475.00
471.00
468.00
464.00
461.00
459.00
453.00
451.00
447.00
445.00
444.00
441.00
439.00
436.00
435.00
432.00
428.00
425.00
424.00
420.00
418.00
416.00
416.00
416.00
413.00
413.00
409.00
406.00
406.00
401.00
398.00
396.00
394.00
390.00
385.00
383.00
380.00
379.00
377.00
375.00
373.00
373.00
371.00
371.00
368.00
367.00
365.00
363.00
363.00
361.00
361.00
360.00
358.00
357.00
355.00
355.00
354.00
351.00
348.00
347.00
345.00
345.00
344.00
343.00
342.00
339.00
336.00
333.00
332.00
331.00
328.00
328.00
325.00
325.00
322.00
322.00
321.00
319.00
319.00
319.00
319.00
318.00
318.00
318.00
318.00
316.00
316.00
316.00
314.00
314.00
313.00
313.00
313.00
313.00
312.00
312.00
312.00
310.00
310.00
310.00
310.00
310.00
310.00
310.00
310.00
310.00
310.00
310.00
310.00
311.00
312.00
313.00
314.00
318.00
320.00
324.00
327.00
329.00
330.00
332.00
333.00
335.00
336.00
337.00
338.00
339.00
341.00
343.00
343.00
345.00
346.00
348.00
349.00
351.00
352.00
354.00
356.00
359.00
360.00
364.00
368.00
371.00
375.00
376.00
381.00
385.00
386.00
393.00
393.00
399.00
400.00
400.00
405.00
405.00
409.00
411.00
414.00
416.00
418.00
420.00
423.00
425.00
427.00
427.00
430.00
432.00
433.00
436.00
437.00
439.00
444.00
445.00
450.00
451.00
453.00
455.00
457.00
461.00
462.00
465.00
467.00
470.00
471.00
475.00
477.00
482.00
486.00
487.00
491.00
493.00
497.00
497.00
500.00
501.00
504.00
507.00
509.00
510.00
512.00
515.00
516.00
520.00
524.00
527.00
532.00
534.00
541.00
545.00
553.00
556.00
560.00
567.00
568.00
576.00
577.00
581.00
584.00
585.00
586.00
591.00
592.00
595.00
598.00
599.00
604.00
606.00
610.00
616.00
619.00
628.00
632.00
639.00
643.00
649.00
653.00
656.00
661.00
663.00
666.00
667.00
667.00
667.00
669.00
669.00
672.00
672.00
673.00
673.00
673.00
675.00
676.00
680.00
680.00
681.00
682.00
683.00
684.00
688.00
689.00
690.00
693.00
695.00
696.00
698.00
698.00
700.00
700.00
702.00
702.00
705.00
706.00
706.00
707.00
707.00
707.00
708.00
708.00
709.00
709.00
710.00
710.00
710.00
710.00
712.00
713.00
713.00
713.00
713.00
713.00
713.00
714.00
714.00
714.00
714.00
714.00
714.00
714.00
714.00
714.00
714.00
714.00
714.00
714.00
714.00
714.00
714.00
714.00
712.00
711.00
709.00
709.00
705.00
705.00
703.00
702.00
700.00
699.00
696.00
696.00
696.00
695.00
695.00
694.00
694.00
692.00
692.00
690.00
689.00
688.00
686.00
686.00
685.00
685.00
685.00
684.00
684.00
682.00
682.00
680.00
678.00
677.00
677.00
676.00
675.00
673.00
672.00
671.00
669.00
668.00
667.00
666.00
665.00
661.00
660.00
657.00
657.00
655.00
654.00
653.00
652.00
650.00
650.00
648.00
648.00
648.00
647.00
647.00
646.00
645.00
645.00
644.00
643.00
642.00
641.00
640.00
639.00
638.00
637.00
635.00
634.00
631.00
630.00
629.00
627.00
627.00
626.00
624.00
623.00
620.00
619.00
615.00
614.00
609.00
608.00
604.00
600.00
600.00
598.00
598.00
596.00
595.00
591.00
588.00
586.00
584.00
583.00
580.00
579.00
576.00
572.00
568.00
561.00
561.00
558.00
558.00
557.00
555.00
554.00
553.00
550.00
547.00
544.00
542.00
540.00
536.00
534.00
531.00
529.00
527.00
521.00
516.00
511.00
509.00
503.00
501.00
497.00
491.00
488.00
485.00
482.00
479.00
478.00
472.00
470.00
464.00
460.00
460.00
454.00
452.00
450.00
449.00
449.00
447.00
447.00
445.00
444.00
442.00
439.00
436.00
435.00
430.00
426.00
422.00
418.00
416.00
410.00
406.00
399.00
398.00
395.00
393.00
392.00
390.00
390.00
388.00
386.00
385.00
382.00
381.00
374.00
371.00
365.00
363.00
360.00
359.00
358.00
358.00
357.00
357.00
357.00
357.00
357.00
357.00
356.00
355.00
353.00
353.00
352.00
350.00
349.00
349.00
346.00
346.00
345.00
345.00
345.00
344.00
343.00
340.00
340.00
340.00
340.00
339.00
336.00
336.00
336.00
335.00
334.00
333.00
330.00
328.00
327.00
325.00
325.00
324.00
324.00
323.00
320.00
320.00
317.00
317.00
317.00
317.00
317.00
317.00
317.00
317.00
317.00
317.00
317.00
317.00
317.00
317.00
317.00
317.00
317.00
317.00
317.00
317.00
317.00
317.00
317.00
317.00
317.00
317.00
317.00
317.00
317.00
317.00
317.00
319.00
321.00
323.00
325.00
327.00
331.00
332.00
335.00
336.00
338.00
345.00
346.00
357.00
359.00
365.00
370.00
374.00
380.00
382.00
385.00
387.00
391.00
392.00
397.00
399.00
404.00
406.00
409.00
414.00
415.00
420.00
422.00
426.00
430.00
434.00
440.00
442.00
446.00
450.00
452.00
455.00
460.00
462.00
466.00
468.00
470.00
474.00
476.00
480.00
481.00
484.00
489.00
491.00
497.00
500.00
503.00
507.00
511.00
513.00
522.00
527.00
533.00
537.00
540.00
546.00
549.00
555.00
557.00
560.00
563.00
566.00
570.00
572.00
574.00
577.00
579.00
582.00
583.00
586.00
589.00
591.00
592.00
595.00
596.00
600.00
603.00
605.00
609.00
610.00
616.00
619.00
622.00
627.00
629.00
634.00
636.00
640.00
644.00
645.00
647.00
651.00
654.00
657.00
660.00
661.00
666.00
668.00
669.00
669.00
671.00
675.00
676.00
680.00
680.00
682.00
683.00
685.00
686.00
687.00
688.00
689.00
690.00
692.00
694.00
695.00
697.00
698.00
699.00
700.00
701.00
704.00
705.00
707.00
708.00
710.00
711.00
711.00
713.00
713.00
713.00
713.00
715.00
717.00
717.00
717.00
717.00
717.00
718.00
719.00
719.00
720.00
720.00
720.00
720.00
720.00
720.00
720.00
720.00
720.00
720.00
720.00
720.00
720.00
720.00
720.00
720.00
720.00
720.00
720.00
720.00
720.00
720.00
720.00
720.00
720.00
720.00
720.00
720.00
720.00
720.00
720.00
720.00
719.00
719.00
718.00
717.00
717.00
716.00
716.00
714.00
714.00
713.00
712.00
712.00
710.00
710.00
708.00
707.00
706.00
705.00
703.00
702.00
702.00
700.00
700.00
697.00
696.00
693.00
693.00
691.00
689.00
688.00
686.00
685.00
682.00
680.00
678.00
674.00
672.00
668.00
664.00
660.00
660.00
655.00
654.00
648.00
645.00
645.00
639.00
639.00
636.00
634.00
632.00
629.00
627.00
625.00
624.00
622.00
619.00
616.00
615.00
609.00
606.00
601.00
598.00
596.00
593.00
591.00
587.00
587.00
585.00
582.00
581.00
578.00
578.00
577.00
574.00
572.00
571.00
567.00
564.00
560.00
554.00
552.00
546.00
546.00
541.00
540.00
539.00
535.00
535.00
532.00
531.00
531.00
529.00
528.00
526.00
525.00
523.00
521.00
521.00
520.00
518.00
518.00
515.00
514.00
512.00
508.00
507.00
504.00
503.00
502.00
499.00
498.00
494.00
493.00
491.00
490.00
488.00
488.00
485.00
484.00
482.00
481.00
479.00
477.00
476.00
474.00
473.00
471.00
466.00
464.00
458.00
457.00
454.00
451.00
448.00
444.00
443.00
441.00
438.00
437.00
436.00
434.00
433.00
429.00
425.00
424.00
420.00
418.00
412.00
410.00
405.00
403.00
400.00
396.00
395.00
394.00
393.00
393.00
393.00
393.00
393.00
393.00
392.00
392.00
391.00
391.00
390.00
389.00
388.00
387.00
386.00
384.00
384.00
382.00
380.00
379.00
379.00
378.00
377.00
376.00
375.00
375.00
373.00
372.00
368.00
366.00
364.00
361.00
361.00
358.00
357.00
353.00
348.00
345.00
342.00
341.00
339.00
339.00
338.00
338.00
337.00
336.00
336.00
335.00
335.00
331.00
331.00
330.00
330.00
330.00
329.00
329.00
328.00
328.00
328.00
326.00
326.00
325.00
322.00
321.00
320.00
320.00
318.00
317.00
315.00
314.00
314.00
314.00
314.00
313.00
311.00
311.00
311.00
311.00
311.00
310.00
310.00
310.00
310.00
310.00
310.00
310.00
310.00
310.00
310.00
310.00
310.00
310.00
310.00
310.00
310.00
310.00
310.00
310.00
310.00
310.00
310.00
310.00
310.00
310.00
310.00
310.00
310.00
310.00
310.00
310.00
311.00
311.00
312.00
312.00
312.00
315.00
316.00
318.00
319.00
322.00
323.00
325.00
327.00
329.00
329.00
330.00
332.00
332.00
333.00
333.00
334.00
335.00
336.00
337.00
337.00
337.00
337.00
337.00
338.00
339.00
340.00
341.00
343.00
345.00
349.00
350.00
356.00
360.00
361.00
363.00
363.00
364.00
364.00
366.00
367.00
367.00
369.00
370.00
371.00
374.00
377.00
378.00
382.00
384.00
386.00
388.00
389.00
392.00
393.00
395.00
396.00
398.00
400.00
401.00
404.00
405.00
407.00
409.00
410.00
413.00
414.00
417.00
419.00
422.00
423.00
429.00
430.00
434.00
436.00
437.00
440.00
443.00
446.00
447.00
450.00
452.00
455.00
460.00
461.00
465.00
467.00
469.00
470.00
474.00
477.00
479.00
481.00
483.00
487.00
488.00
493.00
493.00
496.00
499.00
499.00
502.00
502.00
505.00
508.00
510.00
512.00
515.00
518.00
519.00
522.00
523.00
526.00
526.00
529.00
533.00
533.00
535.00
538.00
540.00
541.00
542.00
544.00
546.00
550.00
552.00
553.00
555.00
557.00
558.00
561.00
562.00
567.00
570.00
572.00
575.00
577.00
580.00
581.00
583.00
586.00
588.00
592.00
593.00
595.00
597.00
598.00
599.00
601.00
601.00
601.00
603.00
603.00
604.00
606.00
608.00
608.00
609.00
612.00
613.00
617.00
617.00
619.00
622.00
624.00
627.00
628.00
631.00
633.00
634.00
636.00
637.00
638.00
641.00
642.00
644.00
645.00
645.00
647.00
648.00
650.00
651.00
653.00
653.00
653.00
654.00
655.00
656.00
656.00
660.00
662.00
664.00
667.00
