810.00
810.00
810.00
810.00
810.00
810.00
810.00
810.00
810.00
810.00
810.00
810.00
810.00
810.00
810.00
810.00
810.00
810.00
810.00
810.00
810.00
810.00
810.00
810.00
808.00
808.00
807.00
807.00
805.00
804.00
799.00
796.00
795.00
794.00
792.00
790.00
787.00
784.00
784.00
780.00
779.00
777.00
776.00
775.00
773.00
772.00
771.00
770.00
767.00
765.00
763.00
761.00
758.00
756.00
756.00
755.00
754.00
753.00
752.00
752.00
752.00
751.00
750.00
750.00
749.00
748.00
747.00
745.00
745.00
743.00
741.00
736.00
734.00
733.00
731.00
730.00
728.00
728.00
728.00
728.00
728.00
728.00
728.00
728.00
728.00
728.00
728.00
728.00
728.00
728.00
728.00
728.00
728.00
728.00
728.00
728.00
728.00
728.00
728.00
728.00
726.00
720.00
719.00
713.00
712.00
708.00
704.00
702.00
700.00
700.00
700.00
700.00
700.00
702.00
704.00
706.00
708.00
711.00
711.00
714.00
715.00
717.00
717.00
719.00
722.00
722.00
729.00
735.00
748.00
768.00
781.00
791.00
792.00
797.00
802.00
819.00
828.00
851.00
856.00
865.00
871.00
871.00
877.00
878.00
882.00
885.00
889.00
901.00
919.00
938.00
945.00
955.00
960.00
968.00
973.00
994.00
1008.00
1016.00
1019.00
1020.00
1032.00
1039.00
1061.00
1065.00
1075.00
1086.00
1092.00
1105.00
1106.00
1109.00
1112.00
1112.00
1113.00
1122.00
1123.00
1123.00
1123.00
1123.00
1123.00
1123.00
1123.00
1122.00
1121.00
1121.00
1121.00
1118.00
1117.00
1116.00
1114.00
1111.00
1106.00
1101.00
1099.00
1096.00
1096.00
1096.00
1096.00
1096.00
1096.00
1096.00
1096.00
1096.00
1096.00
1096.00
1094.00
1092.00
1088.00
1087.00
1082.00
1081.00
1077.00
1072.00
1067.00
1064.00
1059.00
1055.00
1052.00
1047.00
1046.00
1043.00
1042.00
1041.00
1041.00
1038.00
1034.00
1034.00
1032.00
1030.00
1027.00
1026.00
1024.00
1022.00
1020.00
1017.00
1014.00
1011.00
1009.00
1006.00
1003.00
997.00
992.00
991.00
988.00
986.00
984.00
982.00
979.00
977.00
975.00
973.00
972.00
971.00
969.00
967.00
965.00
960.00
956.00
953.00
949.00
947.00
941.00
940.00
934.00
931.00
927.00
919.00
918.00
912.00
911.00
908.00
904.00
901.00
899.00
894.00
891.00
889.00
888.00
887.00
885.00
884.00
882.00
880.00
877.00
874.00
874.00
867.00
863.00
855.00
850.00
844.00
840.00
840.00
837.00
833.00
829.00
827.00
824.00
823.00
821.00
819.00
817.00
813.00
812.00
811.00
810.00
810.00
808.00
808.00
807.00
806.00
804.00
802.00
800.00
799.00
796.00
795.00
793.00
792.00
790.00
785.00
782.00
781.00
780.00
779.00
777.00
776.00
773.00
773.00
772.00
772.00
770.00
768.00
767.00
766.00
765.00
764.00
763.00
760.00
759.00
756.00
755.00
754.00
752.00
752.00
750.00
750.00
750.00
749.00
749.00
746.00
745.00
745.00
743.00
742.00
741.00
739.00
739.00
738.00
738.00
738.00
737.00
737.00
737.00
737.00
737.00
736.00
736.00
736.00
736.00
735.00
735.00
734.00
734.00
732.00
732.00
729.00
725.00
724.00
722.00
722.00
722.00
721.00
721.00
721.00
721.00
721.00
721.00
721.00
721.00
721.00
721.00
721.00
720.00
720.00
720.00
719.00
719.00
719.00
716.00
716.00
716.00
715.00
715.00
714.00
712.00
711.00
710.00
708.00
708.00
708.00
708.00
708.00
708.00
708.00
708.00
708.00
709.00
709.00
711.00
712.00
712.00
714.00
715.00
719.00
724.00
726.00
730.00
731.00
732.00
732.00
732.00
733.00
734.00
735.00
735.00
736.00
736.00
736.00
738.00
739.00
741.00
741.00
743.00
745.00
748.00
749.00
751.00
753.00
753.00
755.00
755.00
755.00
756.00
756.00
756.00
758.00
760.00
760.00
762.00
763.00
769.00
769.00
773.00
773.00
773.00
775.00
775.00
780.00
781.00
784.00
785.00
787.00
790.00
790.00
790.00
792.00
796.00
799.00
804.00
805.00
809.00
810.00
811.00
816.00
817.00
821.00
821.00
822.00
823.00
825.00
829.00
831.00
833.00
835.00
839.00
841.00
845.00
846.00
850.00
855.00
858.00
863.00
864.00
867.00
867.00
871.00
874.00
874.00
876.00
877.00
877.00
877.00
878.00
878.00
879.00
880.00
880.00
882.00
882.00
883.00
883.00
886.00
889.00
890.00
897.00
900.00
909.00
909.00
913.00
915.00
915.00
921.00
923.00
926.00
928.00
930.00
931.00
936.00
940.00
946.00
948.00
949.00
957.00
960.00
965.00
967.00
968.00
970.00
971.00
978.00
981.00
982.00
984.00
986.00
987.00
991.00
995.00
997.00
999.00
999.00
1001.00
1001.00
1004.00
1005.00
1007.00
1013.00
1014.00
1019.00
1020.00
1022.00
1023.00
1025.00
1027.00
1029.00
1030.00
1032.00
1034.00
1035.00
1042.00
1045.00
1049.00
1050.00
1050.00
1053.00
1055.00
1060.00
1061.00
1063.00
1065.00
1069.00
1072.00
1073.00
1075.00
1076.00
1078.00
1080.00
1085.00
1087.00
1088.00
1090.00
1090.00
1092.00
1093.00
1094.00
1095.00
1097.00
1100.00
1101.00
1102.00
1102.00
1104.00
1106.00
1108.00
1109.00
1111.00
1113.00
1115.00
1116.00
1117.00
1119.00
1119.00
1123.00
1124.00
1126.00
1127.00
1128.00
1129.00
1130.00
1130.00
1130.00
1131.00
1131.00
1131.00
1131.00
1131.00
1131.00
1131.00
1131.00
1131.00
1131.00
1131.00
1131.00
1131.00
1131.00
1131.00
1131.00
1131.00
1131.00
1131.00
1131.00
1131.00
1131.00
1130.00
1129.00
1129.00
1127.00
1126.00
1124.00
1122.00
1121.00
1119.00
1117.00
1114.00
1113.00
1111.00
1107.00
1106.00
1103.00
1103.00
1102.00
1101.00
1099.00
1096.00
1095.00
1093.00
1093.00
1092.00
1090.00
1087.00
1085.00
1078.00
1074.00
1073.00
1070.00
1069.00
1064.00
1061.00
1057.00
1053.00
1050.00
1049.00
1049.00
1049.00
1047.00
1042.00
1040.00
1033.00
1030.00
1029.00
1027.00
1027.00
1026.00
1025.00
1023.00
1023.00
1023.00
1022.00
1022.00
1021.00
1020.00
1020.00
1019.00
1019.00
1019.00
1018.00
1017.00
1016.00
1014.00
1011.00
1005.00
1005.00
1001.00
1000.00
999.00
995.00
994.00
990.00
989.00
986.00
982.00
977.00
972.00
970.00
967.00
961.00
958.00
956.00
952.00
951.00
950.00
950.00
949.00
945.00
943.00
939.00
937.00
935.00
930.00
927.00
923.00
923.00
919.00
917.00
916.00
914.00
913.00
911.00
911.00
910.00
910.00
908.00
907.00
899.00
897.00
891.00
884.00
884.00
878.00
877.00
873.00
870.00
866.00
860.00
860.00
857.00
856.00
854.00
853.00
849.00
849.00
844.00
840.00
838.00
835.00
835.00
833.00
832.00
831.00
829.00
827.00
825.00
824.00
824.00
820.00
816.00
813.00
808.00
807.00
804.00
801.00
800.00
798.00
797.00
794.00
792.00
792.00
788.00
787.00
785.00
784.00
783.00
780.00
778.00
776.00
773.00
771.00
769.00
767.00
765.00
764.00
762.00
761.00
759.00
759.00
757.00
757.00
756.00
756.00
754.00
753.00
753.00
751.00
751.00
749.00
749.00
747.00
747.00
746.00
746.00
744.00
743.00
742.00
740.00
739.00
737.00
737.00
736.00
734.00
734.00
732.00
732.00
731.00
730.00
729.00
729.00
729.00
728.00
727.00
727.00
727.00
726.00
726.00
725.00
724.00
724.00
723.00
723.00
723.00
723.00
723.00
723.00
723.00
723.00
723.00
723.00
723.00
721.00
721.00
721.00
721.00
720.00
720.00
719.00
719.00
719.00
717.00
716.00
716.00
714.00
713.00
712.00
712.00
711.00
710.00
710.00
710.00
710.00
710.00
710.00
710.00
710.00
710.00
710.00
710.00
711.00
711.00
714.00
714.00
716.00
717.00
718.00
718.00
719.00
719.00
719.00
721.00
721.00
722.00
722.00
722.00
722.00
722.00
723.00
723.00
727.00
728.00
730.00
732.00
732.00
732.00
733.00
735.00
735.00
736.00
736.00
737.00
738.00
739.00
739.00
740.00
742.00
743.00
747.00
748.00
750.00
751.00
754.00
757.00
758.00
759.00
759.00
760.00
761.00
763.00
764.00
766.00
767.00
768.00
768.00
768.00
772.00
773.00
782.00
784.00
787.00
789.00
791.00
799.00
800.00
801.00
801.00
802.00
803.00
803.00
805.00
805.00
806.00
806.00
808.00
809.00
811.00
812.00
813.00
815.00
815.00
819.00
820.00
822.00
823.00
824.00
824.00
825.00
828.00
829.00
831.00
831.00
834.00
835.00
836.00
837.00
837.00
838.00
840.00
843.00
844.00
846.00
849.00
849.00
854.00
856.00
858.00
859.00
860.00
861.00
863.00
867.00
869.00
870.00
870.00
872.00
872.00
874.00
875.00
876.00
876.00
877.00
878.00
879.00
884.00
889.00
891.00
896.00
897.00
902.00
909.00
912.00
915.00
916.00
916.00
918.00
922.00
925.00
930.00
932.00
937.00
940.00
949.00
964.00
966.00
967.00
967.00
969.00
973.00
980.00
982.00
986.00
988.00
989.00
992.00
995.00
1000.00
1002.00
1008.00
1009.00
1015.00
1023.00
1025.00
1028.00
1030.00
1030.00
1033.00
1036.00
1041.00
1044.00
1047.00
1049.00
1053.00
1054.00
1060.00
1061.00
1065.00
1066.00
1067.00
1072.00
1074.00
1078.00
1080.00
1082.00
1085.00
1090.00
1098.00
1105.00
1111.00
1113.00
1114.00
1115.00
1116.00
1118.00
1119.00
1121.00
1122.00
1124.00
1124.00
1125.00
1125.00
1125.00
1125.00
1125.00
1125.00
1125.00
1125.00
1125.00
1125.00
1125.00
1125.00
1125.00
1125.00
1125.00
1125.00
1125.00
1125.00
1125.00
1125.00
1125.00
1125.00
1125.00
1122.00
1121.00
1120.00
1118.00
1116.00
1113.00
1112.00
1108.00
1104.00
1100.00
1097.00
1091.00
1090.00
1084.00
1082.00
1080.00
1075.00
1073.00
1070.00
1069.00
1068.00
1063.00
1060.00
1052.00
1051.00
1048.00
1045.00
1043.00
1042.00
1040.00
1038.00
1035.00
1027.00
1025.00
1021.00
1019.00
1017.00
1017.00
1015.00
1004.00
1001.00
991.00
990.00
988.00
980.00
974.00
971.00
971.00
968.00
968.00
966.00
966.00
963.00
962.00
960.00
958.00
955.00
948.00
947.00
943.00
941.00
939.00
932.00
921.00
916.00
915.00
914.00
914.00
912.00
910.00
904.00
900.00
897.00
896.00
895.00
893.00
893.00
891.00
890.00
889.00
885.00
883.00
880.00
877.00
872.00
868.00
867.00
865.00
860.00
857.00
856.00
852.00
848.00
834.00
829.00
825.00
822.00
822.00
821.00
820.00
818.00
817.00
816.00
814.00
813.00
807.00
804.00
800.00
792.00
788.00
786.00
780.00
780.00
775.00
770.00
767.00
760.00
757.00
751.00
750.00
746.00
740.00
739.00
735.00
734.00
732.00
731.00
729.00
728.00
728.00
727.00
725.00
725.00
725.00
722.00
722.00
721.00
721.00
720.00
718.00
718.00
717.00
717.00
716.00
716.00
715.00
715.00
715.00
714.00
714.00
714.00
714.00
712.00
712.00
710.00
710.00
710.00
710.00
710.00
710.00
710.00
710.00
710.00
710.00
710.00
710.00
710.00
710.00
710.00
710.00
710.00
710.00
711.00
711.00
712.00
714.00
714.00
716.00
716.00
716.00
718.00
719.00
721.00
722.00
723.00
726.00
729.00
730.00
733.00
734.00
735.00
736.00
736.00
737.00
737.00
740.00
741.00
742.00
746.00
748.00
750.00
752.00
754.00
758.00
760.00
764.00
765.00
766.00
769.00
772.00
773.00
775.00
776.00
779.00
781.00
784.00
788.00
788.00
791.00
793.00
794.00
800.00
801.00
805.00
806.00
808.00
812.00
821.00
822.00
827.00
827.00
828.00
830.00
832.00
839.00
841.00
847.00
849.00
851.00
855.00
855.00
859.00
860.00
863.00
864.00
866.00
869.00
870.00
871.00
872.00
873.00
873.00
876.00
876.00
882.00
885.00
886.00
893.00
894.00
900.00
901.00
903.00
904.00
906.00
909.00
910.00
918.00
922.00
926.00
928.00
936.00
944.00
953.00
965.00
970.00
977.00
979.00
983.00
984.00
986.00
989.00
989.00
993.00
996.00
1000.00
1004.00
1006.00
1007.00
1009.00
1011.00
1014.00
1015.00
1016.00
1017.00
1018.00
1020.00
1022.00
1024.00
1027.00
1027.00
1032.00
1033.00
1035.00
1037.00
1040.00
1043.00
1046.00
1051.00
1054.00
1061.00
1064.00
1070.00
1070.00
1074.00
1075.00
1076.00
1079.00
1079.00
1082.00
1083.00
1083.00
1085.00
1085.00
1088.00
1089.00
1091.00
1093.00
1094.00
1095.00
1098.00
1100.00
1101.00
1101.00
1103.00
1104.00
1104.00
1105.00
1106.00
1106.00
1108.00
1109.00
1111.00
1111.00
1112.00
1112.00
1113.00
1114.00
1114.00
1115.00
1116.00
1116.00
1117.00
1118.00
1118.00
1118.00
1119.00
1119.00
1120.00
1120.00
1120.00
1120.00
1121.00
1122.00
1122.00
1122.00
1122.00
1122.00
1122.00
1122.00
1122.00
1122.00
1122.00
1122.00
1122.00
1122.00
1122.00
1122.00
1122.00
1121.00
1121.00
1120.00
1120.00
1118.00
1118.00
1117.00
1117.00
1117.00
1116.00
1115.00
1115.00
1114.00
1113.00
1113.00
1110.00
1110.00
1109.00
1105.00
1102.00
1095.00
1091.00
1083.00
1080.00
1073.00
1070.00
1067.00
1064.00
1061.00
1058.00
1057.00
1056.00
1056.00
1055.00
1055.00
1052.00
1050.00
1050.00
1049.00
1048.00
1046.00
1042.00
1033.00
1029.00
1029.00
1028.00
1027.00
1024.00
1011.00
1006.00
1003.00
995.00
992.00
990.00
987.00
986.00
983.00
983.00
978.00
975.00
968.00
962.00
962.00
960.00
959.00
957.00
956.00
954.00
953.00
953.00
950.00
948.00
946.00
944.00
931.00
930.00
927.00
927.00
927.00
925.00
925.00
921.00
918.00
908.00
896.00
886.00
878.00
877.00
876.00
875.00
874.00
874.00
871.00
869.00
868.00
866.00
866.00
864.00
862.00
861.00
859.00
858.00
857.00
856.00
854.00
853.00
848.00
847.00
842.00
842.00
841.00
839.00
839.00
837.00
835.00
831.00
831.00
827.00
825.00
825.00
822.00
821.00
821.00
820.00
819.00
819.00
819.00
817.00
817.00
815.00
813.00
812.00
812.00
811.00
810.00
806.00
805.00
804.00
803.00
802.00
801.00
800.00
799.00
795.00
794.00
791.00
791.00
790.00
788.00
787.00
786.00
784.00
784.00
783.00
783.00
783.00
782.00
782.00
781.00
780.00
779.00
778.00
777.00
774.00
774.00
773.00
772.00
771.00
768.00
768.00
767.00
764.00
764.00
762.00
761.00
761.00
760.00
759.00
759.00
758.00
758.00
756.00
755.00
752.00
751.00
748.00
745.00
745.00
744.00
744.00
743.00
742.00
740.00
738.00
737.00
736.00
735.00
733.00
732.00
730.00
727.00
724.00
720.00
720.00
719.00
719.00
718.00
717.00
717.00
717.00
716.00
714.00
713.00
713.00
713.00
713.00
713.00
713.00
713.00
713.00
712.00
710.00
710.00
710.00
709.00
708.00
707.00
705.00
704.00
703.00
703.00
702.00
702.00
702.00
702.00
702.00
702.00
702.00
704.00
705.00
706.00
707.00
707.00
707.00
708.00
709.00
710.00
711.00
713.00
714.00
714.00
717.00
718.00
720.00
721.00
723.00
725.00
727.00
731.00
731.00
733.00
735.00
736.00
737.00
738.00
739.00
742.00
743.00
748.00
749.00
762.00
768.00
780.00
785.00
792.00
793.00
795.00
797.00
797.00
798.00
798.00
798.00
798.00
799.00
800.00
801.00
803.00
805.00
807.00
809.00
811.00
812.00
816.00
819.00
819.00
821.00
821.00
823.00
825.00
834.00
834.00
836.00
838.00
839.00
845.00
845.00
849.00
852.00
854.00
857.00
865.00
870.00
873.00
877.00
877.00
879.00
879.00
883.00
889.00
891.00
896.00
897.00
899.00
901.00
902.00
905.00
907.00
910.00
910.00
912.00
913.00
915.00
916.00
918.00
919.00
923.00
930.00
935.00
942.00
943.00
949.00
951.00
956.00
961.00
963.00
968.00
970.00
974.00
977.00
981.00
984.00
999.00
1004.00
1016.00
1025.00
1031.00
1050.00
1052.00
1058.00
1058.00
1062.00
1066.00
1067.00
1071.00
1074.00
1075.00
1078.00
1081.00
1084.00
1085.00
1089.00
1090.00
1093.00
1094.00
1097.00
1097.00
1099.00
1100.00
1101.00
1103.00
1103.00
1105.00
1106.00
1107.00
1108.00
1108.00
1110.00
1111.00
1111.00
1112.00
1112.00
1114.00
1114.00
1114.00
1114.00
1115.00
1116.00
1117.00
1117.00
1118.00
1118.00
1119.00
1119.00
1119.00
1119.00
1121.00
1121.00
1121.00
1121.00
1121.00
1121.00
1121.00
1121.00
1121.00
1121.00
1121.00
1121.00
1121.00
1121.00
1121.00
1121.00
1121.00
1121.00
1121.00
1121.00
1120.00
1120.00
1118.00
1118.00
1117.00
1116.00
1114.00
1114.00
1113.00
1113.00
1110.00
1108.00
1107.00
1104.00
1104.00
1099.00
1098.00
1095.00
1092.00
1090.00
1088.00
1087.00
1084.00
1082.00
1082.00
1081.00
1078.00
1074.00
1071.00
1068.00
1068.00
1058.00
1056.00
1053.00
1053.00
1050.00
1045.00
1043.00
1035.00
1035.00
1033.00
1031.00
1029.00
1026.00
1024.00
1021.00
1020.00
1015.00
1013.00
1008.00
1004.00
999.00
996.00
994.00
992.00
992.00
980.00
978.00
974.00
973.00
971.00
968.00
967.00
962.00
961.00
960.00
960.00
956.00
954.00
952.00
950.00
950.00
947.00
944.00
939.00
937.00
930.00
928.00
928.00
927.00
927.00
925.00
924.00
923.00
921.00
919.00
919.00
918.00
915.00
911.00
901.00
901.00
899.00
899.00
898.00
896.00
895.00
893.00
892.00
890.00
890.00
889.00
886.00
886.00
883.00
882.00
880.00
880.00
876.00
876.00
873.00
870.00
870.00
864.00
863.00
859.00
859.00
856.00
851.00
849.00
846.00
844.00
842.00
838.00
836.00
834.00
828.00
827.00
826.00
824.00
824.00
819.00
818.00
812.00
811.00
808.00
804.00
803.00
800.00
799.00
796.00
793.00
790.00
785.00
783.00
779.00
775.00
770.00
768.00
762.00
760.00
754.00
751.00
750.00
746.00
746.00
743.00
742.00
740.00
739.00
738.00
736.00
736.00
735.00
735.00
734.00
734.00
732.00
732.00
732.00
730.00
730.00
730.00
730.00
729.00
729.00
729.00
728.00
728.00
727.00
726.00
726.00
726.00
726.00
726.00
726.00
725.00
724.00
723.00
723.00
722.00
722.00
721.00
721.00
721.00
720.00
720.00
720.00
720.00
720.00
719.00
719.00
719.00
719.00
719.00
719.00
719.00
719.00
719.00
719.00
719.00
719.00
719.00
719.00
719.00
719.00
719.00
719.00
719.00
719.00
718.00
718.00
718.00
718.00
718.00
718.00
718.00
718.00
718.00
718.00
718.00
719.00
719.00
720.00
720.00
720.00
721.00
722.00
725.00
725.00
727.00
727.00
729.00
731.00
731.00
731.00
731.00
733.00
733.00
734.00
735.00
736.00
737.00
737.00
739.00
740.00
744.00
745.00
747.00
748.00
748.00
750.00
750.00
751.00
751.00
751.00
751.00
751.00
752.00
752.00
752.00
752.00
754.00
754.00
756.00
757.00
760.00
761.00
762.00
764.00
766.00
768.00
770.00
772.00
772.00
773.00
774.00
775.00
776.00
776.00
778.00
779.00
781.00
783.00
785.00
786.00
787.00
789.00
790.00
792.00
797.00
800.00
802.00
803.00
805.00
805.00
807.00
807.00
808.00
809.00
810.00
813.00
814.00
824.00
825.00
829.00
830.00
831.00
833.00
834.00
837.00
837.00
839.00
841.00
843.00
847.00
855.00
860.00
862.00
864.00
866.00
870.00
871.00
876.00
876.00
877.00
877.00
878.00
884.00
887.00
891.00
893.00
895.00
896.00
897.00
900.00
901.00
903.00
904.00
905.00
906.00
913.00
917.00
917.00
918.00
918.00
920.00
920.00
924.00
928.00
932.00
935.00
936.00
937.00
939.00
940.00
940.00
942.00
943.00
945.00
946.00
946.00
949.00
950.00
954.00
955.00
957.00
960.00
960.00
967.00
969.00
973.00
975.00
979.00
979.00
986.00
992.00
996.00
999.00
1001.00
1003.00
1004.00
1007.00
1010.00
1013.00
1018.00
1019.00
1023.00
1023.00
1025.00
1027.00
1027.00
1028.00
1028.00
1029.00
1031.00
1033.00
1035.00
1041.00
1043.00
1050.00
1054.00
1056.00
1058.00
1058.00
1060.00
1060.00
1061.00
1062.00
1062.00
1065.00
1066.00
1068.00
1070.00
1073.00
1075.00
1078.00
1079.00
1080.00
1083.00
1084.00
1088.00
1089.00
1090.00
1090.00
1092.00
1093.00
1094.00
1095.00
1096.00
1097.00
1098.00
1099.00
1100.00
1100.00
1102.00
1103.00
1105.00
1105.00
1107.00
1108.00
1109.00
1109.00
1109.00
1110.00
1112.00
1112.00
1113.00
1114.00
1114.00
1115.00
1116.00
1116.00
1119.00
1119.00
1119.00
1120.00
1121.00
1121.00
1122.00
1123.00
1123.00
1123.00
1123.00
1123.00
1123.00
1123.00
1123.00
1123.00
1123.00
1123.00
1123.00
1123.00
1123.00
1123.00
1123.00
1123.00
1123.00
1122.00
1122.00
1121.00
1121.00
1121.00
1119.00
1119.00
1119.00
1118.00
1118.00
1118.00
1118.00
1116.00
1116.00
1115.00
1114.00
1114.00
1113.00
1113.00
1112.00
1111.00
1111.00
1109.00
1109.00
1108.00
1107.00
1106.00
1105.00
1105.00
1104.00
1104.00
1102.00
1100.00
1099.00
1098.00
1098.00
1097.00
1097.00
1096.00
1095.00
1095.00
1095.00
1095.00
1094.00
1094.00
1093.00
1093.00
1091.00
1091.00
1089.00
1087.00
1087.00
1086.00
1085.00
1084.00
1081.00
1081.00
1079.00
1079.00
1078.00
1077.00
1077.00
1076.00
1073.00
1071.00
1070.00
1069.00
1069.00
1068.00
1067.00
1065.00
1064.00
1063.00
1062.00
1062.00
1061.00
1059.00
1058.00
1057.00
1049.00
1045.00
1042.00
1037.00
