1
2
3
4
5
11
10
10
17
5
11
3
12
12
5
23
10
5
16
5
11
2
3
9
12
11
3
18
15
5
1
7
8
9
5
7
22
5
4
7
21
10
5
7
22
5
1
2
10
5
21
7
4
1
5
10
24
6
3
1
3
18
19
5
5
1
2
10
5
21
7
4
1
5
13
7
11
10
9
22
8
12
5
5
16
18
15
5
1
2
10
5
21
7
4
1
5
22
16
23
8
12
7
8
4
5
21
10
1
2
7
15
4
5
16
9
7
8
18
15
5
5
18
7
18
12
3
18
10
16
9
5
15
20
18
16
21
3
6
16
12
5
1
3
21
10
5
4
10
9
3
10
4
5
16
18
16
12
20
4
10
4
25
5
20
7
8
26
12
12
5
23
10
5
16
21
16
27
10
15
5
16
1
5
1
2
10
5
18
10
11
5
15
7
7
9
4
5
20
7
8
5
6
16
18
5
7
13
10
18
5
11
3
1
2
5
1
2
10
4
10
5
15
16
1
16
5
9
3
6
2
5
21
10
1
2
7
15
4
5
5
20
7
8
26
12
12
5
12
10
16
14
10
5
11
7
18
15
10
9
3
18
19
5
2
7
11
5
20
7
8
5
10
14
10
9
5
12
3
14
10
15
5
11
3
1
2
7
8
1
5
1
2
10
21
25